0.000000000000000000e+00 1.831560341310609075e-02 1.823264744075741087e-02 1.839904261323784679e-02 1.510435411785612914e+00 1.509236990706039228e+00 1.511697527466723479e+00 -1.072310305168095557e+00 -1.073897723612994737e+00 -1.070745033930480483e+00
5.000000000000000278e-02 2.232487652493539421e-02 2.222807298704608872e-02 2.242631786133889374e-02 1.548478981497300344e+00 1.543050107754527334e+00 1.554216036192367589e+00 -9.261271072078094413e-01 -9.279535502178616335e-01 -9.242575148877398838e-01
1.000000000000000056e-01 2.706567495720255470e-02 2.695431733838868013e-02 2.717394723867337311e-02 1.586253497324679573e+00 1.580089298866788061e+00 1.592812294376936055e+00 -7.938814338926337699e-01 -7.959569193418162270e-01 -7.918204211734118925e-01
1.500000000000000222e-01 3.264285253585672703e-02 3.253759525380070516e-02 3.275181681561616792e-02 1.623126998590453063e+00 1.618398548696183159e+00 1.628058228588967316e+00 -6.736200812503428947e-01 -6.755944420776078818e-01 -6.717711709604150538e-01
2.000000000000000111e-01 3.917139059004857288e-02 3.907789493515872320e-02 3.926556010584362350e-02 1.658827059075758781e+00 1.656287899506601935e+00 1.661470452829113098e+00 -5.634359132005097859e-01 -5.652120322647496975e-01 -5.617378925119386190e-01
2.500000000000000000e-01 4.677222146355972110e-02 4.668822284842848169e-02 4.685718683199460721e-02 1.693468879041226671e+00 1.692242217085945688e+00 1.694720861499545483e+00 -4.615061080407735772e-01 -4.630351407721379764e-01 -4.599664165700562690e-01
3.000000000000000444e-01 5.557301674807556269e-02 5.549477583702476513e-02 5.565061573103442794e-02 1.727380938862853821e+00 1.725631882439728315e+00 1.729165061719722063e+00 -3.659928823341508375e-01 -3.674448901973530468e-01 -3.645355882805195735e-01
3.500000000000000333e-01 6.570420500187323931e-02 6.562240693620523257e-02 6.578351748917980746e-02 1.761063567517312523e+00 1.758916885956053777e+00 1.763201400987124856e+00 -2.753146848656552459e-01 -2.767755096919667923e-01 -2.738559088996483371e-01
4.000000000000000222e-01 7.729855204654181855e-02 7.721836777704518817e-02 7.737708203542766061e-02 1.795177786822009791e+00 1.793197600955065640e+00 1.797103735263345881e+00 -1.879679085063356847e-01 -1.894858607607084466e-01 -1.865266711578959791e-01
4.500000000000000111e-01 9.048482712717600962e-02 9.040348423923869059e-02 9.056770587427474817e-02 1.830400863747087437e+00 1.828858567806572077e+00 1.831927974711531348e+00 -1.026890574574373383e-01 -1.041736004137053945e-01 -1.012155582821181177e-01
5.000000000000000000e-01 1.053942908742677015e-01 1.053155959906222766e-01 1.054736655062737533e-01 1.867415798638018876e+00 1.866219813509457870e+00 1.868599272928468835e+00 -1.830522168924168108e-02 -1.976483718322991773e-02 -1.682218242700521393e-02
5.500000000000000444e-01 1.221487051569198207e-01 1.220705381342589574e-01 1.222284258116593803e-01 1.906861868756328127e+00 1.905586588924296443e+00 1.908109816870708464e+00 6.613883759482386271e-02 6.465946717853600367e-02 6.760132202908665511e-02
6.000000000000000888e-01 1.408589576269383692e-01 1.407814717818458572e-01 1.409368906731000570e-01 1.949307661342370990e+00 1.947876730262251943e+00 1.950710656469389903e+00 1.514355929119576283e-01 1.499810894038871856e-01 1.528336825427588086e-01
6.500000000000000222e-01 1.616244120428927955e-01 1.615476543490087513e-01 1.616997483397059066e-01 1.995334688004940071e+00 1.993870953780391142e+00 1.996765208627117261e+00 2.382383919532541638e-01 2.368360888506030049e-01 2.396397784431891220e-01
7.000000000000000666e-01 1.845247928871302789e-01 1.844498881027553105e-01 1.845993033517557003e-01 2.045335758088783873e+00 2.044043093981460224e+00 2.046638355598187520e+00 3.270500728658788936e-01 3.256576335337955652e-01 3.284657044627688482e-01
7.500000000000000000e-01 2.096173527102462297e-01 2.095407661488438988e-01 2.096945275801216091e-01 2.099742995250974076e+00 2.098511787670380269e+00 2.100958661722994947e+00 4.181938564754376086e-01 4.167934037184877760e-01 4.196453399429138087e-01
8.000000000000000444e-01 2.369337588077385925e-01 2.368579588933491797e-01 2.370132546449934263e-01 2.158908400980747100e+00 2.157700403666023004e+00 2.160099899639378762e+00 5.119935364512269160e-01 5.105679925944414110e-01 5.133841501164279064e-01
8.500000000000000888e-01 2.664729475072358800e-01 2.663949646668631877e-01 2.665494307923906292e-01 2.223085614768082863e+00 2.221836028760560300e+00 2.224331847941252160e+00 6.085007932592415569e-01 6.071285368490313417e-01 6.098532999779032737e-01
9.000000000000000222e-01 2.982010059080921760e-01 2.981236461937034066e-01 2.982772260957383681e-01 2.292514800226881810e+00 2.291214578784992906e+00 2.293784595832534912e+00 7.078210240637310413e-01 7.064395038792716797e-01 7.091819695490322317e-01
9.500000000000000666e-01 3.320406875841813710e-01 3.319648655437744678e-01 3.321183104776715966e-01 2.367300605430203930e+00 2.366079916070001232e+00 2.368543929913183188e+00 8.098647561513140358e-01 8.084592439331463876e-01 8.112522377444743027e-01
1.000000000000000000e+00 3.678760922422594781e-01 3.678007141281684489e-01 3.679498615656338067e-01 2.447548050763239225e+00 2.446339947966871708e+00 2.448767790931377419e+00 9.145021421150718588e-01 9.130947482812362681e-01 9.159327849409135691e-01
1.050000000000000044e+00 4.055496591572201326e-01 4.054753498446047044e-01 4.056250332148490512e-01 2.533193192057336063e+00 2.531972951375265790e+00 2.534401049894833502e+00 1.021425345259124651e+00 1.019992869065269980e+00 1.022803960646357035e+00
1.100000000000000089e+00 4.448514427398721494e-01 4.447784190882679844e-01 4.449247712932634102e-01 2.624162974708547758e+00 2.622917932662845786e+00 2.625355689462806286e+00 1.130375437301493813e+00 1.128980865916878074e+00 1.131754976481625485e+00
1.150000000000000133e+00 4.855299910106691819e-01 4.854541610507628890e-01 4.856043449047952043e-01 2.720225223433210271e+00 2.718994816872753351e+00 2.721441444063867010e+00 1.240876252508849031e+00 1.239546464978899198e+00 1.242228427590849504e+00
1.200000000000000178e+00 5.272850427040013388e-01 5.272101798303249209e-01 5.273618186441827449e-01 2.821079453445108243e+00 2.819823893587159347e+00 2.822313118116188679e+00 1.352423401349235998e+00 1.351022640524292884e+00 1.353840676433518020e+00
1.250000000000000000e+00 5.697764127938091949e-01 5.697006810845119951e-01 5.698502706374658500e-01 2.926382931834112799e+00 2.925173816021412243e+00 2.927653786373530131e+00 1.464441296207401377e+00 1.463093762348366633e+00 1.465807584583451284e+00
1.300000000000000044e+00 6.126211742482600142e-01 6.125473312983077401e-01 6.126948973341095339e-01 3.035652557128000417e+00 3.034456791304995349e+00 3.036822750550396854e+00 1.576194149713090908e+00 1.574799684857688176e+00 1.577575589916058618e+00
1.350000000000000089e+00 6.554045427902228660e-01 6.553290580195669790e-01 6.554799496368958200e-01 3.148375501664302245e+00 3.147147506155738572e+00 3.149600895280230350e+00 1.686955388758702323e+00 1.685526526234660372e+00 1.688343336180255339e+00
1.400000000000000133e+00 6.976775583797928393e-01 6.976059273707415631e-01 6.977512317565012223e-01 3.263978271601204462e+00 3.262775122535427119e+00 3.265136038090032056e+00 1.795938455662519750e+00 1.794528749984898752e+00 1.797333758301724593e+00
1.450000000000000178e+00 7.389712931262105711e-01 7.388979289988546473e-01 7.390427829029457829e-01 3.381849640978009663e+00 3.380648297851394535e+00 3.383069040415532580e+00 1.902232270085169930e+00 1.900870454358742023e+00 1.903598418666560210e+00
1.500000000000000000e+00 7.788061005156998728e-01 7.787309197695323482e-01 7.788790337252687879e-01 3.501315059684396491e+00 3.500132810639742242e+00 3.502503054905485858e+00 2.004960755792577931e+00 2.003614456753280315e+00 2.006289392205957700e+00
1.550000000000000044e+00 8.166934786877669827e-01 8.166194750433505289e-01 8.167681253483426440e-01 3.621677499193677985e+00 3.620475427619238573e+00 3.622861658916887606e+00 2.103198381873771172e+00 2.101846438206724343e+00 2.104588486690834870e+00
1.600000000000000089e+00 8.521513500140069919e-01 8.520768978740824728e-01 8.522238614700632375e-01 3.742250288906921352e+00 3.741101027893871667e+00 3.743416502996576689e+00 2.195995186298990820e+00 2.194616154682359266e+00 2.197348412871269474e+00
1.650000000000000133e+00 8.847133982192719737e-01 8.846391387534285888e-01 8.847875781283813801e-01 3.862233231843241299e+00 3.861031813369561139e+00 3.863410725564395243e+00 2.282471516954177382e+00 2.281089734208901820e+00 2.283828594606236440e+00
1.700000000000000178e+00 9.139380438126482042e-01 9.138633717722486338e-01 9.140132373857102754e-01 3.980955227253611728e+00 3.979780605634673396e+00 3.982155467832769968e+00 2.361774092272427517e+00 2.360438876245274820e+00 2.363106037374111068e+00
1.750000000000000000e+00 9.394177789979630822e-01 9.393436492671227711e-01 9.394905968387371464e-01 4.097594016264203276e+00 4.096435904431838360e+00 4.098747369198710189e+00 2.433112847878967866e+00 2.431774353511559017e+00 2.434450394742749602e+00
1.800000000000000044e+00 9.607918301890975288e-01 9.607183479959261474e-01 9.608649372258767363e-01 4.211442263537290565e+00 4.210300814600514308e+00 4.212609222268349107e+00 2.495729062308980062e+00 2.494357540218004932e+00 2.497082170422164182e+00
1.850000000000000089e+00 9.777509685934624439e-01 9.776783220788036743e-01 9.778247421416431662e-01 4.321753240073044289e+00 4.320550884304235950e+00 4.322967635686620902e+00 2.549060326070650806e+00 2.547715476282986113e+00 2.550405730580635577e+00
1.900000000000000133e+00 9.900465146745819345e-01 9.899723672495397420e-01 9.901199517446210852e-01 4.427790753739926366e+00 4.426590739178428713e+00 4.428989201413528143e+00 2.592590202400520738e+00 2.591282403314090654e+00 2.593953311786205695e+00
1.950000000000000178e+00 9.974982440633118896e-01 9.974242479874618761e-01 9.975709406558442849e-01 4.528867957447856085e+00 4.527648382851934272e+00 4.530025202287747632e+00 2.626002829743848910e+00 2.624636148969199834e+00 2.627387003635310414e+00
2.000000000000000000e+00 9.999925874416527583e-01 9.999186241017410381e-01 1.000066659989219620e+00 4.624347193087403163e+00 4.623154343043186287e+00 4.625565569209342698e+00 2.649022673984968712e+00 2.647677761886328973e+00 2.650366802922488496e+00
2.050000000000000266e+00 9.974948588279488604e-01 9.974204386368210606e-01 9.975702309068789075e-01 4.713573797380385955e+00 4.712357150664517214e+00 4.714794922550624712e+00 2.661659132185795862e+00 2.660310594069967394e+00 2.663054138475884791e+00
2.100000000000000089e+00 9.900416743765574346e-01 9.899671049238636389e-01 9.901173667354923325e-01 4.796015925055874263e+00 4.794827520761375084e+00 4.797208507497813912e+00 2.663949484797826450e+00 2.662580631914723384e+00 2.665248892869209740e+00
2.149999999999999911e+00 9.777435616169742882e-01 9.776675089831808885e-01 9.778183529786130812e-01 4.871107693928543370e+00 4.869900247573724528e+00 4.872306077036850702e+00 2.656160529680001936e+00 2.654836517907679827e+00 2.657479110269536537e+00
2.200000000000000178e+00 9.607835843079792770e-01 9.607092339200824505e-01 9.608593153193907277e-01 4.938380727795061098e+00 4.937174293963354721e+00 4.939579705709819635e+00 2.638675182011869236e+00 2.637337859650727534e+00 2.640057305457720549e+00
2.250000000000000000e+00 9.394097594514115857e-01 9.393351101053240004e-01 9.394843797909733230e-01 4.997413866799412574e+00 4.996202932083157577e+00 4.998614272876217512e+00 2.612000687046085456e+00 2.610703898833968140e+00 2.613383942701637874e+00
2.300000000000000266e+00 9.139302290512864024e-01 9.138580568079858191e-01 9.140022369786934275e-01 5.047860680846507186e+00 5.046682535615155452e+00 5.049029946629510768e+00 2.576781849123971568e+00 2.575476615647111611e+00 2.578128489085708797e+00
2.350000000000000089e+00 8.847080209434948772e-01 8.846347454840135516e-01 8.847804998402526433e-01 5.089376674431064451e+00 5.088212889413751938e+00 5.090535394301216598e+00 2.533760923306574764e+00 2.532384515725997876e+00 2.535114913726461694e+00
2.400000000000000355e+00 8.521476186569981737e-01 8.520747906459354981e-01 8.522231976185766777e-01 5.121752154847748706e+00 5.120555186689982108e+00 5.122945680497723586e+00 2.483829539651767337e+00 2.482435657144534069e+00 2.485183169930442304e+00
2.450000000000000178e+00 8.166928298283181453e-01 8.166199618062307541e-01 8.167651279965020272e-01 5.144799019945920371e+00 5.143574995490173052e+00 5.145973624330899554e+00 2.427790347634299462e+00 2.426442974794432494e+00 2.429154622895711491e+00
2.500000000000000000e+00 7.788083417158584432e-01 7.787338623793581549e-01 7.788797217691271202e-01 5.158381023844740731e+00 5.157168133930909448e+00 5.159574700582521878e+00 2.366684356422567248e+00 2.365340754217852837e+00 2.368057609170910016e+00
2.550000000000000266e+00 7.389759659705090744e-01 7.389018612750742898e-01 7.390501531995662399e-01 5.162476315765945678e+00 5.161291800507743943e+00 5.163702512055950322e+00 2.301413386298329034e+00 2.300057090898378842e+00 2.302746875973187279e+00
2.600000000000000089e+00 6.976835577953466316e-01 6.976113829579843051e-01 6.977565449481086812e-01 5.157090785753307927e+00 5.155923306297919950e+00 5.158289689953631019e+00 2.233012560155815507e+00 2.231640627607192506e+00 2.234370881715446622e+00
2.650000000000000355e+00 6.554128855747967108e-01 6.553378308486074166e-01 6.554855028721997545e-01 5.142280865663439116e+00 5.141107438950669462e+00 5.143490172100880997e+00 2.162414316162883487e+00 2.161018481012830339e+00 2.163812123327567338e+00
2.700000000000000178e+00 6.126306461911696921e-01 6.125551663090400556e-01 6.127051003657901784e-01 5.118211919571305835e+00 5.117024252346981328e+00 5.119389423605780642e+00 2.090566364261528420e+00 2.089213951544683479e+00 2.091897467962339441e+00
2.750000000000000000e+00 5.697853276882913764e-01 5.697108775699025740e-01 5.698603084379971762e-01 5.085085490394850360e+00 5.083882711334882565e+00 5.086288889958724191e+00 2.018392535067701665e+00 2.016995307197747778e+00 2.019755171960808227e+00
2.800000000000000266e+00 5.272916215161539411e-01 5.272179097664045910e-01 5.273667542645610329e-01 5.043169621564977945e+00 5.041984657528034042e+00 5.044388201774260949e+00 1.946697905204173074e+00 1.945352453926074698e+00 1.948050614950796566e+00
2.850000000000000089e+00 4.855348049956174639e-01 4.854587338345636160e-01 4.856080030857903851e-01 4.992732124643061375e+00 4.991533638630794911e+00 4.993925929902454541e+00 1.876254945627473081e+00 1.874868981384382405e+00 1.877624632887745726e+00
2.900000000000000355e+00 4.448528287875336829e-01 4.447804476552295605e-01 4.449254796753204233e-01 4.934158085442132524e+00 4.932973696001019093e+00 4.935356300249535089e+00 1.807744668234264829e+00 1.806337857136441238e+00 1.809113250738966228e+00
2.950000000000000178e+00 4.055487266426077708e-01 4.054746420739354651e-01 4.056238818922239253e-01 4.867871471850270915e+00 4.866657531104672252e+00 4.869070188439461155e+00 1.741778831053447663e+00 1.740433458313649817e+00 1.743139887556822032e+00
3.000000000000000000e+00 3.678725190480026108e-01 3.677990345976238085e-01 3.679470044662235817e-01 4.794322107607901451e+00 4.793120298483422026e+00 4.795511137811013569e+00 1.678844097716803763e+00 1.677469595930874968e+00 1.680224165323648267e+00
3.050000000000000266e+00 3.320325541751069642e-01 3.319584257366653968e-01 3.321090073756096106e-01 4.713985652637401103e+00 4.712786772973681870e+00 4.715180998323459605e+00 1.619379108707177162e+00 1.618003749783882173e+00 1.620771016142687149e+00
3.100000000000000089e+00 2.981912202978942439e-01 2.981196294831506277e-01 2.982664124943110173e-01 4.627423238758303192e+00 4.626249186833332416e+00 4.628608156840880561e+00 1.563709665559928963e+00 1.562367545639946398e+00 1.565043906361265780e+00
3.150000000000000355e+00 2.664624893749450441e-01 2.663884099866992150e-01 2.665379775845116428e-01 4.535170179031579707e+00 4.533991434524121011e+00 4.536368071294510251e+00 1.512067186190291901e+00 1.510704831814680515e+00 1.513431039969215242e+00
3.200000000000000178e+00 2.369251759685293557e-01 2.368503320565341907e-01 2.369987681918712119e-01 4.437790794105469949e+00 4.436589465591346482e+00 4.438979728840021011e+00 1.464612865278509979e+00 1.463273464626854814e+00 1.466005195225584368e+00
3.250000000000000000e+00 2.096104156721490253e-01 2.095358784842231981e-01 2.096843574264370125e-01 4.335908625159763830e+00 4.334752791083201551e+00 4.337094400868074295e+00 1.421435507158332223e+00 1.420101544117914782e+00 1.422761398391728660e+00
3.300000000000000266e+00 1.845202471091094421e-01 1.844456577229637018e-01 1.845929550167595690e-01 4.230122795793668011e+00 4.228938208698424184e+00 4.231285780044714784e+00 1.382583560349067264e+00 1.381228570255558674e+00 1.383927575313145253e+00
3.350000000000000089e+00 1.616239539524319813e-01 1.615467061062908216e-01 1.616984145384601501e-01 4.121042558768824193e+00 4.119841788001017413e+00 4.122250651442747049e+00 1.347912396865441398e+00 1.346567288028469145e+00 1.349281895508356310e+00
3.400000000000000355e+00 1.408628728883449532e-01 1.407897212625738304e-01 1.409370508989539195e-01 4.009333667424674452e+00 4.008145780682889736e+00 4.010534252916809983e+00 1.317380541551260942e+00 1.316052804234766782e+00 1.318708366040199698e+00
3.450000000000000178e+00 1.221560440450787377e-01 1.220832105168916382e-01 1.222321851394063130e-01 3.895548054814788941e+00 3.894367877959568514e+00 3.896771071854697066e+00 1.290823391961435584e+00 1.289462974127050243e+00 1.292186466311447290e+00
3.500000000000000000e+00 1.054045935640341020e-01 1.053318502644008531e-01 1.054794476981055218e-01 3.780345172885111182e+00 3.779136197328384128e+00 3.781539807028578615e+00 1.268062209139525498e+00 1.266726188001594311e+00 1.269392989251708626e+00
3.550000000000000266e+00 9.049678684847822785e-02 9.042534420960159081e-02 9.057113662010385369e-02 3.664333873109030026e+00 3.663179412632498799e+00 3.665514962045616443e+00 1.248851580056830946e+00 1.247518302180401939e+00 1.250207066667106348e+00
3.600000000000000089e+00 7.731001402393826438e-02 7.723768191922668336e-02 7.738451906770289768e-02 3.548109864949100523e+00 3.546907800050321580e+00 3.549283564467009100e+00 1.232962501927772125e+00 1.231602125180360385e+00 1.234318715886296047e+00
3.650000000000000355e+00 6.571392873196151008e-02 6.563843147800645095e-02 6.578784506199003568e-02 3.432214917320770997e+00 3.431000318288321527e+00 3.433390990344098448e+00 1.220129877396912255e+00 1.218747036219449909e+00 1.221493517407184148e+00
3.700000000000000178e+00 5.557851421030658018e-02 5.550506527943909613e-02 5.565346077765256916e-02 3.317226603035243304e+00 3.316059127496605807e+00 3.318411267875585491e+00 1.210088062267169029e+00 1.208699143281087407e+00 1.211453190282646197e+00
3.750000000000000000e+00 4.677073718419594295e-02 4.669897168556372269e-02 4.684401954104387006e-02 3.203650471944756273e+00 3.202481437895608352e+00 3.204828260937019113e+00 1.202581466906066376e+00 1.201219343807392592e+00 1.203959141184911763e+00
3.800000000000000266e+00 3.916235628485709164e-02 3.908850461342069232e-02 3.923691405046975805e-02 3.091978325420972507e+00 3.090792313945109893e+00 3.093188295390458364e+00 1.197332312897428697e+00 1.195949422794317263e+00 1.198691223120381455e+00
3.850000000000000089e+00 3.262759448485495067e-02 3.255180340228092106e-02 3.270180594359786697e-02 2.982653737383092363e+00 2.981474737537879172e+00 2.983847598535130263e+00 1.194136766851475739e+00 1.192794905068068179e+00 1.195469949973304580e+00
3.900000000000000355e+00 2.704782390190257554e-02 2.697404749708442670e-02 2.712187489797769288e-02 2.876117051378998646e+00 2.874934421897958003e+00 2.877291315297183072e+00 1.192685859323566078e+00 1.191359662984806222e+00 1.194041858325024519e+00
3.950000000000000178e+00 2.231064581407830524e-02 2.223658619876115253e-02 2.238323437866917079e-02 2.772737071614997717e+00 2.771527776113925867e+00 2.773876468557402220e+00 1.192816005386897027e+00 1.191434567513360632e+00 1.194209539627340000e+00
4.000000000000000000e+00 1.831072988546115707e-02 1.823869411618849953e-02 1.838506499981757553e-02 2.672870304923465223e+00 2.671674448033518612e+00 2.674066406554644892e+00 1.194281097504726885e+00 1.192938368790935399e+00 1.195595819894290868e+00
4.049999999999999822e+00 1.495410731937352362e-02 1.488240860871493931e-02 1.502734390174054191e-02 2.576845577086098071e+00 2.575680743750444535e+00 2.578002917756090806e+00 1.196911885715096213e+00 1.195539869854835846e+00 1.198295088509537587e+00
4.100000000000000533e+00 1.215136428076320739e-02 1.207876672805786866e-02 1.222409416236184924e-02 2.484956750461233099e+00 2.483762335209632521e+00 2.486102329757111207e+00 1.200523861845342655e+00 1.199174615253337794e+00 1.201903141218222837e+00
4.150000000000000355e+00 9.826358376332645916e-03 9.753991463918030777e-03 9.898784973337773976e-03 2.397443280662946652e+00 2.396259216376097179e+00 2.398598493359758610e+00 1.204968031272356743e+00 1.203609432072304530e+00 1.206308565950974909e+00
4.200000000000000178e+00 7.907324020280890112e-03 7.832959044221160169e-03 7.979061752228823468e-03 2.314541335670066591e+00 2.313333208050988521e+00 2.315709190900837822e+00 1.210155068745478069e+00 1.208814912646573925e+00 1.211515527556579430e+00
4.250000000000000000e+00 6.331125435413897592e-03 6.256863827532260260e-03 6.406509612773393127e-03 2.236394037167124260e+00 2.235195840896926800e+00 2.237564813217017612e+00 1.215906895703859236e+00 1.214571855827767388e+00 1.217274388057849599e+00
4.299999999999999822e+00 5.044301323872398685e-03 4.973370360600443130e-03 5.118145012739418187e-03 2.163163516282985643e+00 2.161976595497355103e+00 2.164315347835397585e+00 1.222127967347966582e+00 1.220801212239409184e+00 1.223464742737669919e+00
4.350000000000000533e+00 3.998768179763662056e-03 3.923908147924324956e-03 4.073735039165527795e-03 2.094928330298746921e+00 2.093755295874246247e+00 2.096079522771677972e+00 1.228790393970390360e+00 1.227444471067610010e+00 1.230145359450614873e+00
4.400000000000000355e+00 3.154738332734628725e-03 3.079721643090847175e-03 3.226956350875278927e-03 2.031790913773837470e+00 2.030606421836283815e+00 2.032999157529733036e+00 1.235727709238610306e+00 1.234316450590919878e+00 1.237053743299944442e+00
4.450000000000000178e+00 2.477307635980689760e-03 2.404337770744010595e-03 2.547642614875995741e-03 1.973734868104219942e+00 1.972550452229951290e+00 1.974906968277498454e+00 1.242932588122978688e+00 1.241602502917039885e+00 1.244312117419157371e+00
4.500000000000000000e+00 1.935166209427995878e-03 1.861327447733079855e-03 2.007374838688996861e-03 1.920793693253985079e+00 1.919600072552645642e+00 1.921984627025749903e+00 1.250312326227073445e+00 1.248932179630989348e+00 1.251674985945454788e+00
4.549999999999999822e+00 1.503365005202102634e-03 1.430669678280438407e-03 1.576899088326571413e-03 1.872950647797352541e+00 1.871713991640892472e+00 1.874146610816320502e+00 1.257836275131586357e+00 1.256505541869935350e+00 1.259212299326669449e+00
4.600000000000000533e+00 1.160995258144033662e-03 1.089608711191372009e-03 1.233534172184730989e-03 1.830170010369598144e+00 1.828997838952032273e+00 1.831308019773455920e+00 1.265474306985367114e+00 1.264101252572607637e+00 1.266822650879729339e+00
4.650000000000000355e+00 8.927917850914108113e-04 8.211871952265089192e-04 9.649386067029690423e-04 1.792404503771022339e+00 1.791215142668996396e+00 1.793556746840629046e+00 1.273163806426819589e+00 1.271760625068816930e+00 1.274510171286636684e+00
4.700000000000000178e+00 6.829966034010777516e-04 6.074292995866953371e-04 7.565646878793781758e-04 1.759583651669837545e+00 1.758391201171065177e+00 1.760773943172573519e+00 1.280882133157439595e+00 1.279527369627609712e+00 1.282227897371732706e+00
4.750000000000000000e+00 5.184035064952568312e-04 4.476434918563198975e-04 5.916252959672789252e-04 1.731612155344572912e+00 1.730422279208675196e+00 1.732813892974565784e+00 1.288602312613077228e+00 1.287231454891284432e+00 1.289947015016806864e+00
4.800000000000000711e+00 3.913868971561224193e-04 3.188078925393009297e-04 4.666694456378482517e-04 1.708406060421280959e+00 1.707204054914954749e+00 1.709623571084983862e+00 1.296336377768383619e+00 1.294934257356048724e+00 1.297730557163097709e+00
4.850000000000000533e+00 2.945327020274821181e-04 2.215400136676939804e-04 3.687449542618861497e-04 1.689860270499286665e+00 1.688614608565176978e+00 1.691050623506267003e+00 1.304047960812618978e+00 1.302664884175813720e+00 1.305400226953334020e+00
4.900000000000000355e+00 2.191259730571748477e-04 1.444600967560445649e-04 2.913889776513932275e-04 1.675800641284122428e+00 1.674602028575336909e+00 1.676998898464261645e+00 1.311704464499051204e+00 1.310314692694186212e+00 1.313074849675667011e+00
4.950000000000000178e+00 1.637953102177588157e-04 8.933231500512507064e-05 2.368896632989211882e-04 1.666067954693595699e+00 1.664879347886013106e+00 1.667252280416191113e+00 1.319321171009756322e+00 1.317949802035910389e+00 1.320741253625975276e+00
5.000000000000000000e+00 1.208997563788739312e-04 4.615243984370450976e-05 1.946298297020073852e-04 1.660528447396689034e+00 1.659348067008687533e+00 1.661754771597062863e+00 1.326863012992773205e+00 1.325458847731826317e+00 1.328219904618788361e+00
5.050000000000000711e+00 8.824193230871941334e-05 1.602804189193007958e-05 1.613113540872505695e-04 1.658988680213026923e+00 1.657826950619288864e+00 1.660169945495993504e+00 1.334363423211724964e+00 1.333022478995053106e+00 1.335776749675276376e+00
5.100000000000000533e+00 6.600104211223227415e-05 -6.651249132853115364e-06 1.420134870320714619e-04 1.661289744560173531e+00 1.660110886110460315e+00 1.662456077974683533e+00 1.341802525906807153e+00 1.340403889455579201e+00 1.343210503253995602e+00
5.150000000000000355e+00 4.876398289294374584e-05 -2.435054403139152933e-05 1.212607717832825339e-04 1.667293922122363492e+00 1.666119547106245768e+00 1.668489300184874180e+00 1.349191517817383890e+00 1.347815495326361246e+00 1.350590626821266849e+00
5.200000000000000178e+00 3.614125725494184816e-05 -3.730174118363322047e-05 1.079301319828105906e-04 1.676812714861549480e+00 1.675626905357281426e+00 1.677989961537499353e+00 1.356500521007819149e+00 1.355079875231201880e+00 1.357901967808489152e+00
5.250000000000000000e+00 2.720431985201351966e-05 -4.359897433451192801e-05 1.015598630570414639e-04 1.689745765294899282e+00 1.688553138003130449e+00 1.690926822612082159e+00 1.363774168601327608e+00 1.362323997755346516e+00 1.365222448584289205e+00
5.300000000000000711e+00 2.061418751524845557e-05 -5.386891516672501483e-05 9.506537819415140954e-05 1.705959881808389422e+00 1.704760577238623620e+00 1.707158796578930993e+00 1.370991672366235870e+00 1.369532147107493270e+00 1.372400649080118828e+00
5.350000000000000533e+00 1.485073550099129154e-05 -5.692918271329311386e-05 8.998882735046780535e-05 1.725298394350404552e+00 1.724080326312256162e+00 1.726468351979755012e+00 1.378177665098585303e+00 1.376784987746115130e+00 1.379588573963633547e+00
5.400000000000000355e+00 1.291134057377343262e-05 -6.019235838770689708e-05 8.634600121746183047e-05 1.747638188449174734e+00 1.746467753088152719e+00 1.748814753078723916e+00 1.385321776064631472e+00 1.383907847615286846e+00 1.386717674433934899e+00
5.450000000000000178e+00 1.025712630017249288e-05 -6.370151814303823268e-05 8.332987866455353896e-05 1.772863863133132600e+00 1.771682184790446257e+00 1.774096363360481377e+00 1.392405020589678966e+00 1.390920878808627359e+00 1.393838553788734558e+00
5.500000000000000000e+00 6.616197388061279148e-06 -6.667583477858383110e-05 7.929871850471310901e-05 1.800804915358762415e+00 1.799636766444340452e+00 1.801998127842223685e+00 1.399408778326474145e+00 1.397860763296796538e+00 1.400872476342155393e+00
5.550000000000000711e+00 4.852648245789947498e-06 -6.848623437252578951e-05 7.740692519535850077e-05 1.831409240302355856e+00 1.830197984455006699e+00 1.832588315276900248e+00 1.406356427194611625e+00 1.404749255322390145e+00 1.407945700317896121e+00
5.600000000000000533e+00 3.034011419139098593e-06 -6.810962416628901512e-05 7.605937523898345176e-05 1.864556062898023336e+00 1.863369547185992570e+00 1.865764147812501328e+00 1.413223988624056071e+00 1.411510409405961397e+00 1.414900867922533889e+00
5.650000000000000355e+00 1.653879561685306438e-06 -7.252009360741786827e-05 7.405865866596592745e-05 1.900280219025763939e+00 1.899084740896059387e+00 1.901492661794246697e+00 1.420023368489840898e+00 1.418337599165750307e+00 1.421697602651087466e+00
5.700000000000000178e+00 1.566539037935077308e-07 -7.302300844604508740e-05 7.165761238133236529e-05 1.938677487158064094e+00 1.937439925705932708e+00 1.939878556417481414e+00 1.426726152603127629e+00 1.425155613596007065e+00 1.428241999507391169e+00
5.750000000000000000e+00 -4.431947597871077403e-07 -7.644388002047073347e-05 7.121659253825070139e-05 1.979984097525330444e+00 1.978811905007213046e+00 1.981152942551555940e+00 1.433389251484743276e+00 1.431844724159403448e+00 1.434972886734561026e+00
5.800000000000000711e+00 -6.686406402962364088e-07 -7.501393021831365409e-05 7.255575142034514848e-05 2.024578110122399188e+00 2.023391524878589642e+00 2.025799463272223822e+00 1.440068923214865126e+00 1.437706174643993418e+00 1.442447078840880303e+00
5.850000000000000533e+00 -9.732668717539695013e-07 -7.540522460266624587e-05 7.314955030790766901e-05 2.073094964236479765e+00 2.071858470517818240e+00 2.074291367496094995e+00 1.446800081645669200e+00 1.442447275911909799e+00 1.451117103267251407e+00
5.900000000000000355e+00 -1.348795844877981274e-06 -7.677588340986307984e-05 7.251064878302720203e-05 2.126355368098121978e+00 2.125179005613743843e+00 2.127537281250716727e+00 1.453728560852658891e+00 1.445990436403351564e+00 1.461475223585541938e+00
5.950000000000000178e+00 -2.417513009845795230e-06 -7.615182388966066078e-05 7.068109959448491784e-05 2.185531803951463292e+00 2.184347031146423035e+00 2.186756833770564956e+00 1.460990769027578517e+00 1.447916168174628426e+00 1.473743209100039309e+00
6.000000000000000000e+00 -7.892455993613766807e-07 -7.342791481244823331e-05 7.317550384788245948e-05 2.252134222372608630e+00 2.250948759021552892e+00 2.253314859212259602e+00 1.468807512675749161e+00 1.448596144349094894e+00 1.488529340733826034e+00
6.050000000000000711e+00 -1.333305146934193948e-06 -7.668810761370589159e-05 7.275132740551377400e-05 2.328043504562532728e+00 2.326854019067258861e+00 2.329252645177131598e+00 1.477475320985949025e+00 1.446884594725482698e+00 1.507303945474579798e+00
6.100000000000000533e+00 6.118428285677268435e-07 -7.134483272811103518e-05 7.289553326766464467e-05 2.415533049040898828e+00 2.414317326217237270e+00 2.416743909951798219e+00 1.487299348911557573e+00 1.442844690834377497e+00 1.530158373870889266e+00
6.150000000000000355e+00 2.470795951002024884e-07 -7.357724461277692369e-05 7.482247678035485751e-05 2.517329237155515376e+00 2.516123348669966120e+00 2.518552133691877248e+00 1.498681274802167840e+00 1.434896862105002002e+00 1.559601390383614561e+00
6.200000000000000178e+00 2.316946365014671564e-08 -7.030776937631752759e-05 7.539408536407082319e-05 2.636362007063262958e+00 2.635126949504907667e+00 2.637564693028938034e+00 1.512060732301341082e+00 1.424374111055215719e+00 1.597010238173719010e+00
6.250000000000000000e+00 1.171898805034943244e-06 -7.268835075873448224e-05 7.393528695415275726e-05 2.775787957354042934e+00 2.774598723409894774e+00 2.776967533176391889e+00 1.527957072136673755e+00 1.408841034293005112e+00 1.644838732199806364e+00
6.300000000000000711e+00 7.327699723273795252e-07 -7.070033410912432968e-05 7.389105690948278334e-05 2.938527896459869115e+00 2.937360321357461945e+00 2.939720225928509123e+00 1.546803066526067916e+00 1.386807631044662870e+00 1.704490583996633779e+00
6.350000000000000533e+00 2.117327278638031479e-06 -6.949728060340610019e-05 7.715963093287217522e-05 3.127165485058631234e+00 3.125940948963796373e+00 3.128362317939101356e+00 1.568998070109680842e+00 1.358725320917976376e+00 1.777484230977519619e+00
6.400000000000000355e+00 1.807851259123316555e-06 -6.988947738033879906e-05 7.574563540344231901e-05 3.343335574977545299e+00 3.342136720257797400e+00 3.344560147432669606e+00 1.594836720392043938e+00 1.323182520728091838e+00 1.862616273535353750e+00
6.450000000000000178e+00 1.440468498730995665e-06 -7.286529625352769219e-05 7.503581785584367955e-05 3.587379519996241495e+00 3.586189520232422989e+00 3.588593027454590079e+00 1.624415016206208096e+00 1.284973896677914063e+00 1.962640684297435767e+00
6.500000000000000000e+00 1.518640172384921828e-06 -7.256817036792941348e-05 7.851002959795846199e-05 3.857949108827718909e+00 3.856721280982756905e+00 3.859138070674228871e+00 1.657634531027934344e+00 1.240727985973707037e+00 2.075881988404103318e+00
6.550000000000000711e+00 5.793863671215815264e-07 -7.224184632287633794e-05 7.350977165043665388e-05 4.151665383738913029e+00 4.150461178294006181e+00 4.152901157642300944e+00 1.694007157432648736e+00 1.187776847296991622e+00 2.200916204339787186e+00
6.600000000000000533e+00 1.567757326059571078e-07 -7.363607341248356870e-05 7.308642199461831072e-05 4.462932191876761046e+00 4.461743237052194999e+00 4.464123431700169675e+00 1.732858626718469575e+00 1.131239539519416359e+00 2.331450399438027343e+00
6.650000000000000355e+00 -1.093303715815968655e-06 -7.473667036029807149e-05 7.271321015438128989e-05 4.784017269588220600e+00 4.782852564848557364e+00 4.785202959995971561e+00 1.773086324683732951e+00 1.074111127852814374e+00 2.466618340606782311e+00
6.700000000000000178e+00 -8.917688934380830103e-07 -7.378235529120549265e-05 7.465284034415471161e-05 5.105303776209378697e+00 5.104124604836863810e+00 5.106494601403984923e+00 1.813395135744007458e+00 1.017859731776917576e+00 2.601637874684565421e+00
6.750000000000000000e+00 -1.336415205707702826e-06 -7.339344141565548596e-05 7.078846402769822452e-05 5.415826555996026137e+00 5.414635304248454517e+00 5.417011348537498883e+00 1.852244307563842396e+00 9.615971028888543604e-01 2.733962466547725789e+00
6.800000000000000711e+00 -7.324029976853829953e-07 -7.241059230184490603e-05 7.117939746853130440e-05 5.704017114517243137e+00 5.702828932500280779e+00 5.705193840097104285e+00 1.888053837223234943e+00 9.115148327299145148e-01 2.852883415099175313e+00
6.850000000000000533e+00 -1.482297619165801112e-06 -7.546121072615625245e-05 7.256017130196627427e-05 5.958576376565205557e+00 5.957418901577967496e+00 5.959764083640877175e+00 1.919208439720214265e+00 8.700895060131493830e-01 2.954960202433437821e+00
6.900000000000000355e+00 -1.176586227081610752e-07 -7.450289329909432206e-05 7.310785134555854723e-05 6.169437854288762679e+00 6.168253926052213565e+00 6.170610973354137663e+00 1.944291879874555207e+00 8.412891847073696860e-01 3.033941824010456312e+00
6.950000000000000178e+00 -1.146542188541843685e-06 -7.519455770672867079e-05 7.407553283937033488e-05 6.328677098086361141e+00 6.327532128315694671e+00 6.329831375369882274e+00 1.962198534389547833e+00 8.237198627623253389e-01 3.083481746923714351e+00
7.000000000000000000e+00 -2.960301706357359918e-07 -7.394379576674340031e-05 7.261947389938654704e-05 6.431167648188260699e+00 6.430020817393253374e+00 6.432310675101597930e+00 1.972200163192240785e+00 8.232757702041334502e-01 3.105320802436159155e+00
7.050000000000000711e+00 9.165978489737824985e-07 -7.319112811545388521e-05 7.436868767886833454e-05 6.475154891178158678e+00 6.473940001225254370e+00 6.476363040805543925e+00 1.974025432033600369e+00 8.387219795649991649e-01 3.095480212766340333e+00
7.100000000000000533e+00 3.745526094263873496e-07 -7.097956742515495749e-05 7.371319696026292249e-05 6.462418947936987124e+00 6.461262992072272837e+00 6.463590301675198546e+00 1.967915928745349818e+00 8.632927610550613640e-01 3.052709886934229733e+00
7.150000000000000355e+00 1.975382404319214778e-07 -7.242562321327639379e-05 7.268407176034066830e-05 6.397998237380861930e+00 6.396809031065541440e+00 6.399175893482239807e+00 1.954571440952854067e+00 9.067749786229442055e-01 2.984602365107491106e+00
7.200000000000000178e+00 9.332151292851198137e-07 -7.153169865493844419e-05 7.360005557286019716e-05 6.289894230253826102e+00 6.288719230339506083e+00 6.291062889605349540e+00 1.935104197829029760e+00 9.593486329755958053e-01 2.894207403759659680e+00
7.250000000000000000e+00 1.263320734726680658e-06 -7.037960403969353309e-05 7.479552829525657192e-05 6.148125942283650502e+00 6.146938100553640538e+00 6.149289805475078197e+00 1.910883638620154645e+00 1.016549311772045661e+00 2.786055146312413910e+00
7.300000000000000711e+00 7.408820141798222899e-07 -7.353814742712752595e-05 7.377180900797127320e-05 5.984036167523496097e+00 5.982831857843128986e+00 5.985176444921726180e+00 1.883513648848846422e+00 1.085767166288443608e+00 2.665713183004593034e+00
7.350000000000000533e+00 1.016292023970200097e-06 -7.315557052061938132e-05 7.590726343605633860e-05 5.809155780638036504e+00 5.807972113360611921e+00 5.810322724742521316e+00 1.854586569461271539e+00 1.155037489940690554e+00 2.538364645943631981e+00
7.400000000000000355e+00 1.033250352258213783e-06 -7.407202605478959714e-05 7.693881744669644758e-05 5.634470353564892342e+00 5.633272502618358324e+00 5.635616352206425539e+00 1.825619396432310193e+00 1.224999441834278002e+00 2.414492699012365851e+00
7.450000000000000178e+00 1.273895328313578994e-06 -7.413016309621156812e-05 7.514100106538809795e-05 5.469631665974405976e+00 5.468433759195026944e+00 5.470851515819711075e+00 1.797959191967292369e+00 1.290059230988589656e+00 2.295021093330145590e+00
7.500000000000000000e+00 2.124001346144877071e-07 -7.471011428620069617e-05 7.633475625063860018e-05 5.322324624704722673e+00 5.321120628841720546e+00 5.323527433561760169e+00 1.772615366374002077e+00 1.353970682154225447e+00 2.184572116006756382e+00
7.550000000000000711e+00 -4.852695201967349523e-07 -7.335382455911781680e-05 7.265301126922886043e-05 5.198126007391457470e+00 5.196944315285584537e+00 5.199280664581118039e+00 1.750369028871247901e+00 1.414239831343495624e+00 2.084470945120393104e+00
7.600000000000000533e+00 -6.073836051285419391e-07 -7.359958616210554583e-05 7.169281273875921783e-05 5.100436648254823346e+00 5.099285970706077364e+00 5.101639584911749736e+00 1.731662344137758547e+00 1.464440931866489715e+00 1.995534000351618653e+00
7.650000000000000355e+00 -1.067154490703653356e-06 -7.264700613901983197e-05 7.218277922114989286e-05 5.030532113878095402e+00 5.029348698422228203e+00 5.031726507581147700e+00 1.716623711773398897e+00 1.508442400325399113e+00 1.921847881654432655e+00
7.700000000000000178e+00 -9.814299644949786277e-07 -7.213419909570667476e-05 7.327116119199976766e-05 4.988065920730863745e+00 4.986857593869300054e+00 4.989290588261673598e+00 1.705198237706382791e+00 1.547683087650635780e+00 1.861682367228941315e+00
7.750000000000000000e+00 -6.495196680435521797e-07 -7.736050723857954003e-05 7.300256123034877835e-05 4.971330921905387612e+00 4.970146433573212619e+00 4.972559309816241502e+00 1.697101731989380635e+00 1.578394181106917094e+00 1.814499640330619057e+00
7.800000000000000711e+00 -5.613948173619154499e-07 -7.416712557835047632e-05 7.330031514887684987e-05 4.977777225038662934e+00 4.976598607562538135e+00 4.978950998345325729e+00 1.691927623048138374e+00 1.605391142676023009e+00 1.778719309645505620e+00
7.850000000000000533e+00 -2.370790438042669142e-07 -7.209633115419362124e-05 7.273857447552671302e-05 5.004415125634647410e+00 5.003244803442031596e+00 5.005574111306828833e+00 1.689276198677489349e+00 1.626706789033019573e+00 1.751448662657371758e+00
7.900000000000000355e+00 -7.200208786380280109e-07 -7.746507090586121093e-05 7.454646687936812056e-05 5.048086675917380362e+00 5.046908863133807266e+00 5.049288962504994593e+00 1.688662596712479091e+00 1.644858740503720718e+00 1.732365811427795776e+00
7.950000000000000178e+00 7.566966118421891244e-09 -7.318261536907732796e-05 7.402244632279460386e-05 5.105811034379296842e+00 5.104613419160168419e+00 5.107029951132391332e+00 1.689648646120604392e+00 1.659344417796204674e+00 1.719681468535839475e+00
8.000000000000000000e+00 6.666534458144912188e-07 -7.270655254529092572e-05 7.504715239115968364e-05 5.174836716382194446e+00 5.173690473422392522e+00 5.176018941111428795e+00 1.691887349600756707e+00 1.671497612150161238e+00 1.712320152141135754e+00
8.050000000000000711e+00 1.229820206094067763e-06 -7.319452277748592355e-05 7.606284511042709176e-05 5.252855273256722413e+00 5.251620397043508248e+00 5.254059160558927744e+00 1.695012966487951411e+00 1.681897520470570395e+00 1.708080022944193699e+00
8.099999999999999645e+00 8.756398826911149009e-07 -7.421636845251350367e-05 7.553895933376309814e-05 5.337909445708073797e+00 5.336714693575478563e+00 5.339105220906249727e+00 1.698786680633715518e+00 1.690708204424336447e+00 1.706743339834432938e+00
8.150000000000000355e+00 2.665817101437373135e-07 -7.203796409179508684e-05 7.449810709379621032e-05 5.428394027023146329e+00 5.427184672886717465e+00 5.429568833674370154e+00 1.702992117492021507e+00 1.698428597144066687e+00 1.707492846442123957e+00
8.200000000000001066e+00 9.030255486382643171e-07 -7.585556379214320453e-05 7.388969255466212047e-05 5.523102167763178194e+00 5.521904720590761428e+00 5.524295991968596553e+00 1.707449394909283269e+00 1.705044684881733774e+00 1.709929888811124954e+00
8.250000000000000000e+00 8.865790197075118277e-07 -7.149230842163275547e-05 7.556452968944943067e-05 5.621046805594271056e+00 5.619827703601262492e+00 5.622260176712155832e+00 1.712036699254397609e+00 1.710477111953228047e+00 1.713596511874317052e+00
8.300000000000000711e+00 4.513406753926418881e-07 -7.603894065770222261e-05 7.591928464874824628e-05 5.721542954177000873e+00 5.720323290673292149e+00 5.722758891916615021e+00 1.716713702529587326e+00 1.715147943063873637e+00 1.718285320911951297e+00
8.349999999999999645e+00 -1.876044948378230345e-07 -7.395962829830556875e-05 7.324129843844086969e-05 5.824105789525519050e+00 5.822892610920332501e+00 5.825332912184128631e+00 1.721378312306168334e+00 1.719647336809852600e+00 1.723055699755954739e+00
8.400000000000000355e+00 4.603303353272914042e-07 -7.303290531369827630e-05 7.438556499586367965e-05 5.928410364292983736e+00 5.927201439170179498e+00 5.929605861517956988e+00 1.726041701223896219e+00 1.724256911483516674e+00 1.727814030169617210e+00
8.450000000000001066e+00 -3.746312114721817052e-07 -7.695703662508046605e-05 7.418495575242377055e-05 6.034260801775585215e+00 6.033041974420220832e+00 6.035463734805895264e+00 1.730647591350107151e+00 1.729020773600782324e+00 1.732293580083020590e+00
8.500000000000000000e+00 7.052122200508770135e-08 -7.667123907002457162e-05 7.672945972776524560e-05 6.141568373760114774e+00 6.140358444491019085e+00 6.142765948369484086e+00 1.735225655823579016e+00 1.733714284533862005e+00 1.736769731811211637e+00
8.550000000000000711e+00 -2.137965281725218182e-07 -7.722515795482373386e-05 7.440527903506410099e-05 6.250290503378768570e+00 6.249118693020546011e+00 6.251507819634941399e+00 1.739783195018911544e+00 1.738282868332164721e+00 1.741210149974893540e+00
8.599999999999999645e+00 -1.224251686706800868e-06 -7.642774006258179216e-05 7.459427045517492256e-05 6.360433296180625362e+00 6.359226204209936562e+00 6.361627369787969499e+00 1.744310394644610573e+00 1.742864413278477853e+00 1.745762113449598418e+00
8.650000000000000355e+00 -3.321603316055465679e-08 -7.360208721799918474e-05 7.524593916833205432e-05 6.471983347711514512e+00 6.470779322770087383e+00 6.473208607076634813e+00 1.748830986656488617e+00 1.747447825731546445e+00 1.750235636303502762e+00
8.700000000000001066e+00 1.118716862049445919e-06 -7.421246732850702861e-05 7.760853257032378520e-05 6.584956940590145358e+00 6.583793457928861059e+00 6.586154550153257681e+00 1.753314619960570697e+00 1.751858607239539234e+00 1.754771539378150669e+00
8.750000000000000000e+00 4.905580946422294213e-07 -7.459501722062306648e-05 7.736128513514960202e-05 6.699265643230654987e+00 6.698057682178250261e+00 6.700511905616398423e+00 1.757764203081320753e+00 1.756268373150780882e+00 1.759233962601266521e+00
8.800000000000000711e+00 4.645408384127691857e-07 -7.599041690838012890e-05 7.676206771246372302e-05 6.814908036658543722e+00 6.813716536341372532e+00 6.816112990513415681e+00 1.762233293480230722e+00 1.760761948743950756e+00 1.763703091910740595e+00
8.849999999999999645e+00 7.789098085325130666e-07 -7.472769793760644923e-05 7.350572408226991369e-05 6.931807134031321205e+00 6.930579100746538934e+00 6.933082609241361993e+00 1.766655220688962080e+00 1.765238873337509729e+00 1.768093234396768798e+00
8.900000000000000355e+00 1.368266125185535508e-07 -7.436628657588178495e-05 7.366848352360895566e-05 7.049932290673598168e+00 7.048705281580651238e+00 7.051150807097474882e+00 1.771041647320583001e+00 1.769643743235264077e+00 1.772440099645536726e+00
8.950000000000001066e+00 2.729380776778367065e-07 -7.597554092298799153e-05 7.651511313526842834e-05 7.169308800508722435e+00 7.168116693775194115e+00 7.170516382686683343e+00 1.775383779416183527e+00 1.773993244793751423e+00 1.776758998859254701e+00
9.000000000000000000e+00 1.325341629720699850e-07 -7.640360453997005203e-05 7.629425307264298595e-05 7.289952340675574405e+00 7.288784843741909825e+00 7.291146790395599098e+00 1.779690149121986087e+00 1.778309607392239533e+00 1.781148408113423454e+00
9.050000000000000711e+00 4.179905006014006585e-07 -7.526134444435020874e-05 7.661855992398130275e-05 7.411946525803343455e+00 7.410749385325030580e+00 7.413209455698824613e+00 1.783983662244409851e+00 1.782570896028716323e+00 1.785426379122470930e+00
9.099999999999999645e+00 -2.080520743154734437e-07 -7.836178039734298384e-05 7.912835865499789087e-05 7.535351593621257393e+00 7.534101465036803447e+00 7.536579475435575048e+00 1.788230539992472057e+00 1.786759065015662618e+00 1.789699661599316594e+00
9.150000000000000355e+00 -1.190770660159634556e-06 -7.867631488571724945e-05 7.163937005557182098e-05 7.660239232142093790e+00 7.659001503089463370e+00 7.661460574405817958e+00 1.792518082086048237e+00 1.791091719920010483e+00 1.793976910331783747e+00
9.200000000000001066e+00 -2.135812220197019670e-06 -7.901642665515406789e-05 7.539253695201460247e-05 7.786641082020286930e+00 7.785460323775168057e+00 7.787825492278455997e+00 1.796786691544354442e+00 1.795317600099771260e+00 1.798263397604032310e+00
9.250000000000000000e+00 -8.847682522438171761e-07 -7.632861915335271128e-05 7.534036959670197832e-05 7.914534245621909214e+00 7.913318577230269213e+00 7.915742568577115890e+00 1.801019167032984036e+00 1.799633089744455461e+00 1.802430302029339071e+00
9.300000000000000711e+00 -8.339279691936429497e-07 -7.565190950293495815e-05 7.601420864303865845e-05 8.043902962597597295e+00 8.042580105677277658e+00 8.045212174428868934e+00 1.805267844972259228e+00 1.803854995517876425e+00 1.806697123689113615e+00
9.349999999999999645e+00 -6.503376633174906911e-07 -7.673918991431896979e-05 7.727245447921987089e-05 8.174588724593448319e+00 8.173180012148941742e+00 8.175992139502181288e+00 1.809488827458964000e+00 1.808054899911121449e+00 1.810923758142737094e+00
9.400000000000000355e+00 -6.850383797598557815e-07 -7.622472650116313684e-05 7.616525377433090878e-05 8.306489263020541358e+00 8.305079131875384491e+00 8.307913932167330984e+00 1.813649327730327387e+00 1.812212155698097904e+00 1.815105366973182699e+00
9.450000000000001066e+00 -1.118151538354317307e-07 -7.964176502329791698e-05 8.023305250401188281e-05 8.439538192202126865e+00 8.438265354051944556e+00 8.440793846433320979e+00 1.817772220614026102e+00 1.816285187964089998e+00 1.819255582731355902e+00
9.500000000000000000e+00 2.064224814118881164e-06 -7.686468236945686607e-05 8.431374126770732201e-05 8.573725630197388980e+00 8.572547297370977759e+00 8.574924225686165968e+00 1.821807047240049382e+00 1.820294786252817376e+00 1.823314421355631376e+00
9.550000000000000711e+00 2.294622000139567940e-06 -8.062054180965754781e-05 8.425152572279901082e-05 8.709174247994434737e+00 8.707690825111770394e+00 8.710656374417739656e+00 1.825810252600397421e+00 1.824305703640594967e+00 1.827364835977219215e+00
9.600000000000001421e+00 2.214199939503708264e-06 -7.957755276334007872e-05 8.397452388065874919e-05 8.846080328943541460e+00 8.844211339396888860e+00 8.848024846485857964e+00 1.829807679993978198e+00 1.828254753516711073e+00 1.831406939022757641e+00
9.650000000000000355e+00 1.352214193093076506e-06 -7.890301494304987630e-05 7.916355093176487712e-05 8.984750154723483817e+00 8.982737965991823614e+00 8.986899397641780141e+00 1.833799440067837017e+00 1.832229984258932687e+00 1.835391933160642530e+00
9.700000000000001066e+00 1.012470268766724250e-06 -7.959896885832221645e-05 7.942521863965181319e-05 9.125523296592715994e+00 9.123797635655479965e+00 9.127239955250612269e+00 1.837897902317829679e+00 1.836404496903409678e+00 1.839452469746837959e+00
9.750000000000000000e+00 -5.950095807099431437e-07 -8.478336320683275127e-05 8.269316486222143844e-05 9.268623349112260712e+00 9.267360611604418708e+00 9.269846229620789302e+00 1.842057736043742899e+00 1.840451230738504362e+00 1.843587420657800680e+00
9.800000000000000711e+00 -1.570424836278111538e-06 -9.859644915645379975e-05 9.339877829889891030e-05 9.413998779131324213e+00 9.411528473768564496e+00 9.416490482744949375e+00 1.846319674301960534e+00 1.844434178586882522e+00 1.848230188162407472e+00
9.850000000000001421e+00 -3.635945512052990509e-06 -1.105724188170835508e-04 1.003744137223108707e-04 9.561230231546691272e+00 9.556599782571082002e+00 9.565818070083754066e+00 1.850640179592002887e+00 1.848110440924351172e+00 1.853260442741372804e+00
9.900000000000000355e+00 -5.892402752676207088e-06 -1.167951721622081913e-04 1.047918584654540985e-04 9.709285751372670248e+00 9.703135441891147295e+00 9.715382942435994096e+00 1.854828618080068159e+00 1.851754847155432149e+00 1.857910118493180107e+00
9.950000000000001066e+00 -5.772899093654871052e-06 -1.030032567827396329e-04 9.254216214362380010e-05 9.856412151106908937e+00 9.850988726129838113e+00 9.861797970262514923e+00 1.858679697970747391e+00 1.856022289952268922e+00 1.861411993028177170e+00
1.000000000000000000e+01 -7.553460311182591397e-07 -8.290617329727370261e-05 8.523556635285224983e-05 9.999989400809122131e+00 9.998731847265615258e+00 1.000121737610205130e+01 1.861814447976099407e+00 1.860327361714784189e+00 1.863361365956506033e+00
