0.000000000000000000e+00 1.831477660064892432e-02 9.236915524337196519e-10 1.510407006442964661e+00 5.024578045324093242e-08 -1.072402275557865714e+00 6.259300072115780135e-09
5.000000000000000278e-02 2.233804497964572700e-02 1.535978663412859662e-09 1.546356176250809789e+00 3.948779409702648081e-06 -9.299092064891740783e-01 6.075358839371167056e-06
1.000000000000000056e-01 2.708142704897559261e-02 2.219185072847023966e-09 1.584083221597150537e+00 5.187274389417247193e-06 -7.975536669608715989e-01 7.956714951078310005e-06
1.500000000000000222e-01 3.265602651710494686e-02 1.992076266764333046e-09 1.621742613928593535e+00 2.847531571245340674e-06 -6.757278365034307122e-01 4.298333188184383508e-06
2.000000000000000111e-01 3.917951370978370318e-02 1.382501158793685838e-09 1.658335723895504987e+00 6.793474028696546603e-07 -5.639331032578540626e-01 9.493269463283812044e-07
2.500000000000000000e-01 4.677528682930354176e-02 9.010937853640413030e-10 1.693575045907997456e+00 4.977391188756129760e-08 -4.609864696681928997e-01 6.254628689204323901e-09
3.000000000000000444e-01 5.557135414410263596e-02 7.069790555291844557e-10 1.727710206988830599e+00 2.682054411200392032e-07 -3.652632509077260448e-01 3.638370445521949445e-07
3.500000000000000333e-01 6.569888901965992289e-02 7.169681239458523788e-10 1.761343166934560056e+00 4.385067337827349224e-07 -2.749412100717734120e-01 6.235407317554378633e-07
4.000000000000000222e-01 7.729041539194554666e-02 7.850700939048491288e-10 1.795257498272854857e+00 3.202606719596386017e-07 -1.882150780233773357e-01 4.274652467985207388e-07
4.500000000000000111e-01 9.047759091712226365e-02 8.132517950510302116e-10 1.830280504137756115e+00 1.248948094403154164e-07 -1.034587734365710610e-01 1.201029711539478685e-07
5.000000000000000000e-01 1.053885687837251700e-01 7.780973454627036307e-10 1.867188543999680039e+00 4.690115516762556769e-08 -1.932382077336525228e-02 6.226265430925810690e-09
5.500000000000000444e-01 1.221449366413266124e-01 7.063817937117414986e-10 1.906656975506467955e+00 7.777726948410278683e-08 6.522572902037393483e-02 6.445074173996665861e-08
6.000000000000000888e-01 1.408582520783232261e-01 6.375076079048485026e-10 1.949248282380496189e+00 1.120046628559467589e-07 1.509313194596229035e-01 1.226654238505247804e-07
6.500000000000000222e-01 1.616262176056274258e-01 5.969104724722788462e-10 1.995426575115596624e+00 9.623714811645072250e-08 2.382933346478119940e-01 9.673740209886592751e-08
7.000000000000000666e-01 1.845285633906154077e-01 5.878602809117493674e-10 2.045584467816870866e+00 5.814313553024337930e-08 3.276397353723174977e-01 3.397548133627697296e-08
7.500000000000000000e-01 2.096227316333586499e-01 5.975091711995107999e-10 2.100069354828498103e+00 4.110907873185219553e-08 4.191911921772948357e-01 6.168809505933221122e-09
8.000000000000000444e-01 2.369394812598464850e-01 6.085596232954716149e-10 2.159199681786591718e+00 5.043102801001591883e-08 5.131089677759743672e-01 2.242083002054311800e-08
8.500000000000000888e-01 2.664785538967485712e-01 6.090034642020137907e-10 2.223266778347490202e+00 6.132016438662282385e-08 6.095186687387496027e-01 4.222437745667022910e-08
9.000000000000000222e-01 2.982045604643994152e-01 5.961604466169815062e-10 2.292522883047013682e+00 5.663565602685202431e-08 7.085100460135659306e-01 3.681111417051931395e-08
9.500000000000000666e-01 3.320432607509773426e-01 5.751230404144708116e-10 2.367159953858362087e+00 4.335205313153908525e-08 8.101187112728372997e-01 1.647468522645162715e-08
1.000000000000000000e+00 3.678784147057303500e-01 5.541067773131412737e-10 2.447285946300970849e+00 3.700734998068160129e-08 9.142988918667145359e-01 6.126897986320494614e-09
1.050000000000000044e+00 4.055493830495453533e-01 5.397226739793967444e-10 2.532905217108123885e+00 4.131719597157674564e-08 1.020896815689276371e+00 1.243450580064897759e-08
1.100000000000000089e+00 4.448496453765086178e-01 5.342792491529763672e-10 2.623907901330769121e+00 4.703868128955165788e-08 1.129632353192301597e+00 2.136356889376322873e-08
1.150000000000000133e+00 4.855263860757641492e-01 5.357247804007194592e-10 2.720070237834673055e+00 4.592268272433371813e-08 1.240093047834677442e+00 1.998516707884912271e-08
1.200000000000000178e+00 5.272812722511275307e-01 5.395487668403612048e-10 2.821064801666459232e+00 3.992071902555070619e-08 1.351740790662361080e+00 1.114943463041825248e-08
1.250000000000000000e+00 5.697725139800567939e-01 5.413171717176946764e-10 2.926477273560123660e+00 3.636628906313194537e-08 1.463928224000681233e+00 6.117745077952419338e-09
1.300000000000000044e+00 6.126182567669807844e-01 5.385963214503579375e-10 3.035825285248917371e+00 3.810862588059254836e-08 1.575920226414921022e+00 9.169715617404678209e-09
1.350000000000000089e+00 6.554013103449659594e-01 5.315866238993522166e-10 3.148575165396588993e+00 4.119888118686975752e-08 1.686915772339262931e+00 1.404156993274236743e-08
1.400000000000000133e+00 6.976751688079193547e-01 5.224906975529669358e-10 3.264153812761625861e+00 4.109268871800301144e-08 1.796066804451409427e+00 1.370813159628902788e-08
1.450000000000000178e+00 7.389712263812838744e-01 5.141558817945370722e-10 3.381954899104519185e+00 3.819419411849559480e-08 1.902492872723120509e+00 9.023356089933278275e-09
1.500000000000000000e+00 7.788070433629196154e-01 5.087165624246566853e-10 3.501340511253331123e+00 3.630233162654820583e-08 2.005292408465428444e+00 6.113478983722004913e-09
1.550000000000000044e+00 8.166954698417558944e-01 5.068001558390553229e-10 3.621640631687720990e+00 3.726660147442641681e-08 2.103552946259423351e+00 7.858757119130033733e-09
1.600000000000000089e+00 8.521543933940924909e-01 5.075169685509438313e-10 3.742153231507284961e+00 3.905731818432620700e-08 2.196363003415310544e+00 1.090490962559587322e-08
1.650000000000000133e+00 8.847168427800605750e-01 5.090874083139172135e-10 3.862147209965244521e+00 3.898057327813305840e-08 2.282827668284232114e+00 1.087841547643349362e-08
1.700000000000000178e+00 9.139411548654392536e-01 5.097298917351486289e-10 3.980869243618593956e+00 3.717912705760096916e-08 2.362088560040349172e+00 8.004358328685191102e-09
1.750000000000000000e+00 9.394208978734727156e-01 5.083984100700873978e-10 4.097554237326967552e+00 3.601783107429025652e-08 2.433347223991624730e+00 6.106677194465211464e-09
1.800000000000000044e+00 9.607942416459518409e-01 5.050934559735184223e-10 4.211437951596463947e+00 3.675131711692050502e-08 2.495889751831115166e+00 7.248639485946141163e-09
1.850000000000000089e+00 9.777524754696251819e-01 5.006941103270747228e-10 4.321769829346912672e+00 3.806112095552757538e-08 2.549109841981283431e+00 9.360351404413098188e-09
1.900000000000000133e+00 9.900473958340022529e-01 4.964572586504851832e-10 4.427824169358864914e+00 3.806153165449914856e-08 2.592527758654080472e+00 9.424374229131973436e-09
1.950000000000000178e+00 9.974973198275292052e-01 4.934414929125957086e-10 4.528908469268312587e+00 3.678366858917026416e-08 2.625803554740786083e+00 7.453038131587651470e-09
2.000000000000000000e+00 9.999915232678525667e-01 4.920999734062940461e-10 4.624368710970812479e+00 3.591359835377699273e-08 2.648744143605740398e+00 6.101598299066507631e-09
2.050000000000000266e+00 9.974929544943729187e-01 4.921787981718625835e-10 4.713592245148579885e+00 3.643726186312680928e-08 2.661304926082672662e+00 6.935422219323860073e-09
2.100000000000000089e+00 9.900391327906860051e-01 4.929171850578689993e-10 4.796009472847663879e+00 3.744416628196146664e-08 2.663587367247970406e+00 8.521618709931799815e-09
2.149999999999999911e+00 9.777412022466128727e-01 4.934218688303343482e-10 4.871095585958003404e+00 3.750328238121183555e-08 2.655834018548966391e+00 8.604193915899916266e-09
2.200000000000000178e+00 9.607811748194684531e-01 4.930429557189726875e-10 4.938373251755869831e+00 3.657113410344169515e-08 2.638422054407785655e+00 7.127120429747191008e-09
2.250000000000000000e+00 9.394074577817651539e-01 4.916006267273306846e-10 4.997416492217085171e+00 3.590961635940045229e-08 2.611855671064264861e+00 6.097739161371789357e-09
2.300000000000000266e+00 9.139288180077863588e-01 4.893928353638009782e-10 5.047855362050911232e+00 3.631061703188773357e-08 2.576756990607022235e+00 6.764175520649683785e-09
2.350000000000000089e+00 8.847069862713677901e-01 4.870128611529825281e-10 5.089380599013404449e+00 3.709810106104111319e-08 2.533854699129001631e+00 8.035482442368439530e-09
2.400000000000000355e+00 8.521481468402776205e-01 4.850719039372718170e-10 5.121747331141174087e+00 3.714609034304537518e-08 2.483969673007265566e+00 8.111752323815248389e-09
2.450000000000000178e+00 8.166935896012808005e-01 4.839529001754395928e-10 5.144777175912537359e+00 3.640735896028908537e-08 2.427997289531250047e+00 6.922556666494885828e-09
2.500000000000000000e+00 7.788098223383900232e-01 4.836843006813084016e-10 5.158358533369577614e+00 3.589458120574553398e-08 2.366886806405890997e+00 6.094159111355922670e-09
2.550000000000000266e+00 7.389784495162353695e-01 4.839719084392199546e-10 5.162445369196072775e+00 3.625263258686881130e-08 2.301618881205666600e+00 6.666273564334114681e-09
2.600000000000000089e+00 6.976861203870716732e-01 4.843532848245056095e-10 5.157055126448550020e+00 3.691707209696324506e-08 2.233182749007755152e+00 7.741323472907260940e-09
2.650000000000000355e+00 6.554148344678487614e-01 4.843991017194923148e-10 5.142266483161546553e+00 3.694435902591683428e-08 2.162554644464513842e+00 7.803963646117564030e-09
2.700000000000000178e+00 6.126328672996891322e-01 4.838792893396769465e-10 5.118217480440627298e+00 3.630459716707073770e-08 2.090678738043067142e+00 6.789288130206592469e-09
2.750000000000000000e+00 5.697865452546420073e-01 4.828272661012953359e-10 5.085104175650916325e+00 3.587634081446465513e-08 2.018451280225238786e+00 6.091055233843913585e-09
2.800000000000000266e+00 5.272930573103697949e-01 4.814962976183015519e-10 5.043179574784526054e+00 3.621645536441647784e-08 1.946708013816032423e+00 6.609530647206320137e-09
2.850000000000000089e+00 4.855344456124454089e-01 4.802331307500663795e-10 4.992752321480245392e+00 3.681838827668544682e-08 1.876214424854208307e+00 7.559437251416304908e-09
2.900000000000000355e+00 4.448528681724371880e-01 4.793306487661552077e-10 4.934184560151600785e+00 3.683954373784062729e-08 1.807658191942698611e+00 7.607021422684733563e-09
2.950000000000000178e+00 4.055471780319656050e-01 4.789176603655113173e-10 4.867888560832087208e+00 3.625683778720816427e-08 1.741643284557486737e+00 6.699985910465358495e-09
3.000000000000000000e+00 3.678708157074258578e-01 4.789274724066418941e-10 4.794322020175695087e+00 3.587186330285067248e-08 1.678685467639651430e+00 6.088909538830909488e-09
3.050000000000000266e+00 3.320309681673605517e-01 4.791439941845629465e-10 4.713982309521725256e+00 3.619666145963443919e-08 1.619209337342560673e+00 6.579843946259467675e-09
3.100000000000000089e+00 2.981889087620041567e-01 4.793035322257083133e-10 4.627400199441282780e+00 3.676532329108686832e-08 1.563547276280687237e+00 7.450807653963044560e-09
3.150000000000000355e+00 2.664614005016741061e-01 4.792033180315663232e-10 4.535133662213982397e+00 3.679224862638070152e-08 1.511940765271690301e+00 7.482887726339092186e-09
3.200000000000000178e+00 2.369230201877934594e-01 4.787711160943150715e-10 4.437762225075964295e+00 3.624726001934395984e-08 1.464544299456410403e+00 6.639625138616195508e-09
3.250000000000000000e+00 2.096092436871587750e-01 4.780815020320041539e-10 4.335882076693226672e+00 3.587863760382197494e-08 1.421431799315991951e+00 6.087981933667236607e-09
3.300000000000000266e+00 1.845201234830903536e-01 4.773078698016016630e-10 4.230101821526223382e+00 3.617774698634587208e-08 1.382605013109148739e+00 6.571924694384164980e-09
3.350000000000000089e+00 1.616243875972552813e-01 4.766452491160415434e-10 4.121038546638480682e+00 3.671703491309243279e-08 1.348003115639528460e+00 7.398772534573328972e-09
3.400000000000000355e+00 1.408637940177066283e-01 4.762298795506043553e-10 4.009313789241089943e+00 3.675216306751955667e-08 1.317512618396402768e+00 7.415123347678640203e-09
3.450000000000000178e+00 1.221575855710828329e-01 4.760935168116273888e-10 3.895549089586537672e+00 3.624206601658936103e-08 1.290976839533016118e+00 6.601719527907782715e-09
3.500000000000000000e+00 1.054069056438524249e-01 4.761602510076856030e-10 3.780361036176831391e+00 3.588930908090394881e-08 1.268204481674988893e+00 6.087892703443220557e-09
3.550000000000000266e+00 9.049905439182605316e-02 4.762900860707638816e-10 3.664355968422192689e+00 3.616599072828464338e-08 1.248977219715045051e+00 6.582889448858569784e-09
3.600000000000000089e+00 7.731148625339798186e-02 4.763382020214129813e-10 3.548124699760176970e+00 3.667333564969338617e-08 1.233056486165877264e+00 7.397007666373100501e-09
3.650000000000000355e+00 6.571547203397692938e-02 4.762125750512881411e-10 3.432237690638576311e+00 3.670436351058368069e-08 1.220189771022371028e+00 7.399518621555438032e-09
3.700000000000000178e+00 5.557937102885301961e-02 4.759039884104571344e-10 3.317241019479348019e+00 3.621880795526450408e-08 1.210116701578297205e+00 6.585734252947581055e-09
3.750000000000000000e+00 4.677147975298928673e-02 4.754803463500918141e-10 3.203653307320419863e+00 3.588712612658766062e-08 1.202574980315412434e+00 6.087566359882491775e-09
3.800000000000000266e+00 3.916244319035641630e-02 4.750511824506802586e-10 3.091963524623313031e+00 3.615726114307912256e-08 1.197306027919715188e+00 6.608673925865462221e-09
3.850000000000000089e+00 3.262723118098623254e-02 4.747205289809465456e-10 2.982629430804015769e+00 3.664251983446776421e-08 1.194060005251246670e+00 7.442237104845162506e-09
3.900000000000000355e+00 2.704669652722480055e-02 4.745447538591853621e-10 2.876076328061251797e+00 3.667112367860193539e-08 1.192599845912366341e+00 7.437306092559157010e-09
3.950000000000000178e+00 2.230874241449753992e-02 4.745187252647216169e-10 2.772695868227957661e+00 3.622311583034674869e-08 1.192704037278372597e+00 6.594876876211954133e-09
4.000000000000000000e+00 1.830913450682641885e-02 4.745811897859780344e-10 2.672844801895303934e+00 3.594618419228770436e-08 1.194168100957704759e+00 6.086701577244138280e-09
4.049999999999999822e+00 1.495199839044583645e-02 4.746474107999686982e-10 2.576843738664850836e+00 3.623500601198566358e-08 1.196804962677497031e+00 6.645442615651062615e-09
4.100000000000000533e+00 1.215004543286571370e-02 4.746429974341881569e-10 2.484976125267711833e+00 3.667507888826293860e-08 1.200444577738980056e+00 7.532387428678204888e-09
4.150000000000000355e+00 9.824570618054612181e-03 4.745361324004512791e-10 2.397487692839552764e+00 3.664898611121038512e-08 1.204933231067562671e+00 7.530980593277141030e-09
4.200000000000000178e+00 7.905264545441104129e-03 4.743405689781671356e-10 2.314586564944429270e+00 3.625113041073910064e-08 1.210132848875971057e+00 6.632487832598073147e-09
4.250000000000000000e+00 6.329879124192611117e-03 4.741079743378919695e-10 2.236444084102520158e+00 3.618161068156212361e-08 1.215920482613435105e+00 6.086061399032588703e-09
4.299999999999999822e+00 5.043782978711525145e-03 4.738999508550089038e-10 2.163196259671694044e+00 3.671044140895100834e-08 1.222187928650751321e+00 6.693884342187675943e-09
4.350000000000000533e+00 3.999438506853830733e-03 4.737640191889685846e-10 2.094945628680812355e+00 3.718826957383768852e-08 1.228841306386410093e+00 7.671010890310520291e-09
4.400000000000000355e+00 3.155828311980968248e-03 4.737146716013574877e-10 2.031763288011420698e+00 3.691449853221203826e-08 1.235800382649401064e+00 7.682119080285212677e-09
4.450000000000000178e+00 2.477854495172543414e-03 4.737318118824121023e-10 1.973690908902258734e+00 3.625151878911438728e-08 1.242997505685387472e+00 6.693737015026529054e-09
4.500000000000000000e+00 1.935730380120431748e-03 4.737725995931372677e-10 1.920742652612851487e+00 3.634457112295047629e-08 1.250376157052131010e+00 6.085480985612825963e-09
4.549999999999999822e+00 1.504380558279616587e-03 4.737938658580146242e-10 1.872907016177530082e+00 3.759392855476882384e-08 1.257889277055331601e+00 6.778860702906708654e-09
4.600000000000000533e+00 1.162861926801456169e-03 4.737685967730107255e-10 1.830148705506974505e+00 3.886137459781334143e-08 1.265497604719558966e+00 7.905476229784331928e-09
4.650000000000000355e+00 8.938155262887548247e-04 4.736976955385644728e-10 1.792410630219163359e+00 3.869290096914356844e-08 1.273168261767531062e+00 7.923899908249400982e-09
4.700000000000000178e+00 6.829564558731293644e-04 4.736040911294518670e-10 1.759616050455395708e+00 3.724537235530350728e-08 1.280873710253423114e+00 6.773432391957889716e-09
4.750000000000000000e+00 5.186070207932880205e-04 4.735192723973349438e-10 1.731670818618670449e+00 3.643242052579345188e-08 1.288591072825349571e+00 6.090865376389077220e-09
4.800000000000000711e+00 3.912763550508735477e-04 4.734697605914622474e-10 1.708465593953671924e+00 3.780041415890523440e-08 1.296301687023074134e+00 7.013703255508211093e-09
4.850000000000000533e+00 2.932880525472192357e-04 4.734632944974117110e-10 1.689877908022054953e+00 4.053295066094375306e-08 1.303990722122529533e+00 8.471690646922258982e-09
4.900000000000000355e+00 2.184559070881053611e-04 4.734869419270822618e-10 1.675774027444167924e+00 4.210818656640587146e-08 1.311646734200296427e+00 8.475946734024746521e-09
4.950000000000000178e+00 1.618065291483228307e-04 4.735161933049299511e-10 1.666010670756261636e+00 4.108824915140271260e-08 1.319261141934169324e+00 6.933289589172316239e-09
5.000000000000000000e+00 1.193464493752793842e-04 4.735298028933601740e-10 1.660436736747443742e+00 3.887559728176363460e-08 1.326827709989275350e+00 6.130247038466714492e-09
5.050000000000000711e+00 8.787037900953587055e-05 4.735183486696134977e-10 1.658895232252858953e+00 3.830253382872457722e-08 1.334342162886754002e+00 7.785678399588817873e-09
5.100000000000000533e+00 6.480644788595113504e-05 4.734897746920948551e-10 1.661225522877805005e+00 4.054074054904583860e-08 1.341801983688095223e+00 1.031940063188745686e-08
5.150000000000000355e+00 4.809370064581819371e-05 4.734692063548294004e-10 1.667265882928389509e+00 4.379367728925789471e-08 1.349206297392733234e+00 1.040477477594158643e-08
5.200000000000000178e+00 3.608675194519128659e-05 4.734787925958503294e-10 1.676856149934693452e+00 4.523321289756971241e-08 1.356555572092340345e+00 7.615545827823842145e-09
5.250000000000000000e+00 2.748239841124378025e-05 4.735306034573854204e-10 1.689840187660375470e+00 4.400340607603393640e-08 1.363850798372898021e+00 6.201960340997452247e-09
5.300000000000000711e+00 2.126314203743095987e-05 4.736173928086415389e-10 1.706067905104355020e+00 4.200292933052330336e-08 1.371091926348461110e+00 1.040255430544490558e-08
5.350000000000000533e+00 1.665295016303747211e-05 4.737132962734166427e-10 1.725396813992402745e+00 4.173704192350412889e-08 1.378275693529329216e+00 1.779364775921317713e-08
5.400000000000000355e+00 1.308117564902122609e-05 4.737860654905885392e-10 1.747693504073534854e+00 4.371965772787066173e-08 1.385393527681133774e+00 1.976451379972070991e-08
5.450000000000000178e+00 1.015134532406092305e-05 4.738116014302674856e-10 1.772835889175408131e+00 4.617224261517331083e-08 1.392430838950592387e+00 1.214941134325918581e-08
5.500000000000000000e+00 7.612342819623973966e-06 4.737917310206138292e-10 1.800717498371367853e+00 4.707827802735424979e-08 1.399369561883498925e+00 6.248776187221712277e-09
5.550000000000000711e+00 5.330471157360960888e-06 4.737523596923949088e-10 1.831255338685423784e+00 4.620032192529487722e-08 1.406196117955975655e+00 2.394435020108990806e-08
5.600000000000000533e+00 3.261678997307226879e-06 4.737379905945048394e-10 1.864402870421921765e+00 4.502618490294367444e-08 1.412916955820239684e+00 7.109085500404507322e-08
5.650000000000000355e+00 1.424050670356669102e-06 4.737889598374492841e-10 1.900169410698786532e+00 4.502061591417155431e-08 1.419583494128059176e+00 1.093583273499567714e-07
5.700000000000000178e+00 -1.287785598436119727e-07 4.739296538330759921e-10 1.938646885567269162e+00 4.621180140796221893e-08 1.426327723832659489e+00 7.484858102030331310e-08
5.750000000000000000e+00 -1.332100470263775094e-06 4.741402226990138518e-10 1.980044349891567190e+00 4.744634019590958466e-08 1.433409021179886444e+00 6.258999858277971051e-09
5.800000000000000711e+00 -2.131269359023635346e-06 4.743762864500653613e-10 2.024730124353805838e+00 4.774702318047129619e-08 1.441271915313549812e+00 3.375881737089905956e-07
5.850000000000000533e+00 -2.498040090170849936e-06 4.745718909269149047e-10 2.073280660067825742e+00 4.721867011384282443e-08 1.450613545438316665e+00 2.382339399302145043e-06
5.900000000000000355e+00 -2.441135369679603428e-06 4.746793512518501328e-10 2.126534157377580225e+00 4.671849456795956001e-08 1.462458092970729151e+00 8.996647598931758739e-06
5.950000000000000178e+00 -2.010231082538727065e-06 4.746840109450230735e-10 2.185645270401897378e+00 4.686314988833781278e-08 1.478233273282488991e+00 2.536687811497280567e-05
6.000000000000000000e+00 -1.293299987104035154e-06 4.746178925674459612e-10 2.252134756243874047e+00 4.747981216209265048e-08 1.499840800569183896e+00 5.982821841768459770e-05
6.050000000000000711e+00 -4.078750585057022704e-07 4.745559617555396390e-10 2.327924735982705329e+00 4.794258285272812580e-08 1.529708675835818266e+00 1.245853919936131882e-04
6.100000000000000533e+00 5.125812629069859128e-07 4.745850694424083770e-10 2.415346752610142644e+00 4.789031917653603910e-08 1.570808743950757869e+00 2.361748525334596998e-04
6.150000000000000355e+00 1.335242500205557903e-06 4.747631025652666585e-10 2.517106927759456436e+00 4.754618022307474144e-08 1.626619329046717244e+00 4.154841880413917381e-04
6.200000000000000178e+00 1.945151561766333970e-06 4.750976562187133623e-10 2.636191455668944528e+00 4.739045388694107495e-08 1.701011439914526191e+00 6.871412973504807719e-04
6.250000000000000000e+00 2.260586725338908920e-06 4.755315413931460100e-10 2.775697771396214542e+00 4.761616868477361020e-08 1.798039726761064827e+00 1.078121096683763887e-03
6.300000000000000711e+00 2.244136002804708596e-06 4.759584267641779226e-10 2.938583066452936876e+00 4.796349501938384578e-08 1.921627415475112066e+00 1.615505549021797795e-03
6.350000000000000533e+00 1.907717754101589946e-06 4.762680397691439269e-10 3.127332747320532125e+00 4.806375690581871571e-08 2.075148298347562648e+00 2.323473662764183757e-03
6.400000000000000355e+00 1.310425614020616081e-06 4.763939130666611666e-10 3.343566254559137363e+00 4.786710129228448469e-08 2.260927634826578103e+00 3.219770091116494395e-03
6.450000000000000178e+00 5.493366742048699791e-07 4.763422253688221718e-10 3.587614441920890407e+00 4.766944125191760394e-08 2.479705075274201143e+00 4.312063555391819868e-03
6.500000000000000000e+00 -2.555547507498978632e-07 4.762122876693303418e-10 3.858118442880603460e+00 4.773766192239102162e-08 2.730122655199603621e+00 5.594712899247263407e-03
6.550000000000000711e+00 -9.800789367020446008e-07 4.761444655272891852e-10 4.151711001488151531e+00 4.799221716267830588e-08 3.008314935223052711e+00 7.046473859538754554e-03
6.600000000000000533e+00 -1.515335502882964036e-06 4.762830657400803948e-10 4.462844095589290738e+00 4.813029013921328079e-08 3.307682053651821441e+00 8.629593819424226028e-03
6.650000000000000355e+00 -1.784752201750006151e-06 4.767025407620575732e-10 4.783818841444301917e+00 4.801480783817436385e-08 3.618916650188302775e+00 1.029057347739680515e-02
6.700000000000000178e+00 -1.755854591112271379e-06 4.773710117231873340e-10 5.105054407054319121e+00 4.783657564481051504e-08 3.930331394152734692e+00 1.196266155378929337e-02
6.750000000000000000e+00 -1.444752429385909309e-06 4.781497963015475644e-10 5.415603528296153435e+00 4.785203042567551453e-08 4.228497159683907825e+00 1.356993257124568773e-02
6.800000000000000711e+00 -9.125828035472238753e-07 4.788424278744153232e-10 5.703887070724513286e+00 4.804755215291867356e-08 4.499157581371293624e+00 1.503260907600586886e-02
6.850000000000000533e+00 -2.544753288091783361e-07 4.792758409213458203e-10 5.958584511964543751e+00 4.817237562350121048e-08 4.728340876469665055e+00 1.627314432376361988e-02
6.900000000000000355e+00 4.169762050088010596e-07 4.793740229145005670e-10 6.169587650090130992e+00 4.808520030266592315e-08 4.903552507916652203e+00 1.722248529126546232e-02
6.950000000000000178e+00 9.908695364768682623e-07 4.792108515443172571e-10 6.328907169860046977e+00 4.794243107267341699e-08 5.014909933558877597e+00 1.782589282064900998e-02
7.000000000000000000e+00 1.376404001524056397e-06 4.789902243098562144e-10 6.431420048404526746e+00 4.797029387301105351e-08 5.056078549165891722e+00 1.804771201473502965e-02
7.050000000000000711e+00 1.517334606626619120e-06 4.789796938138310876e-10 6.475361531253806646e+00 4.814455076817725116e-08 5.024887712668131279e+00 1.787456857570062299e-02
7.100000000000000533e+00 1.400099594317527618e-06 4.793955355067703229e-10 6.462496701764088414e+00 4.822840032016665707e-08 4.923545115769373481e+00 1.731661742540246962e-02
7.150000000000000355e+00 1.054358600122151657e-06 4.803023487473312362e-10 6.397948705582582996e+00 4.812009409083210116e-08 4.758420682027759696e+00 1.640667910522685194e-02
7.200000000000000178e+00 5.461722352162468042e-07 4.815738496923426922e-10 6.289706558832127925e+00 4.801045755395918473e-08 4.539428909515188515e+00 1.519734305761364333e-02
7.250000000000000000e+00 -3.469509490816591324e-08 4.829111405784080613e-10 6.147877503903592888e+00 4.810504777687903627e-08 4.279091481706927880e+00 1.375635843799056547e-02
7.300000000000000711e+00 -5.908547129895858063e-07 4.839672898006124138e-10 5.983780177478874585e+00 4.830629250500865620e-08 3.991401337264251392e+00 1.216083178222859308e-02
7.350000000000000533e+00 -1.033778154357900547e-06 4.844851520885712350e-10 5.808990602344335841e+00 4.833381380022319791e-08 3.690629153036027787e+00 1.049087442513546575e-02
7.400000000000000355e+00 -1.297820932888438250e-06 4.844335670271457917e-10 5.634451373712250799e+00 4.814783859200944876e-08 3.390211041382253931e+00 8.823375927186337744e-03
7.450000000000000178e+00 -1.349515660886702051e-06 4.840442055288898040e-10 5.469736747594321713e+00 4.805190466919347802e-08 3.101833917588192158e+00 7.226527684235433888e-03
7.500000000000000000e+00 -1.190902517350655998e-06 4.837511169864973123e-10 5.322536772432256313e+00 4.826965771033255773e-08 2.834797662523194539e+00 5.755599755277758869e-03
7.550000000000000711e+00 -8.567780685753145775e-07 4.840182590435568586e-10 5.198388047606887774e+00 4.856999695771154909e-08 2.595688336419386566e+00 4.450304048902526538e-03
7.600000000000000533e+00 -4.068382842836726354e-07 4.851406087524691232e-10 5.100643529435721746e+00 4.853914989365113258e-08 2.388352360004691199e+00 3.333878010596548133e-03
7.650000000000000355e+00 8.551345262453047269e-08 4.870920964642050645e-10 5.030644662997660888e+00 4.819781663914235563e-08 2.214124854995360270e+00 2.413816045504012936e-03
7.700000000000000178e+00 5.455572442414347023e-07 4.894827448620275927e-10 4.988039837829167489e+00 4.806831923569856739e-08 2.072241076276701399e+00 1.683985782864036006e-03
7.750000000000000000e+00 9.086866884777666797e-07 4.916992397934221819e-10 4.971185307238458861e+00 4.847514558381520783e-08 1.960350033360348299e+00 1.127719278823559627e-03
7.800000000000000711e+00 1.129160748403190695e-06 4.931440320589880756e-10 4.977567558440175510e+00 4.899165757411657525e-08 1.875053083029603718e+00 7.213872921902975480e-04
7.850000000000000533e+00 1.185080595683674076e-06 4.935177517678265969e-10 5.004197170096279734e+00 4.892254184773228876e-08 1.812404316566470941e+00 4.379605026955839860e-04
7.900000000000000355e+00 1.079282983984519717e-06 4.930024964447707213e-10 5.047939942860408813e+00 4.831142847421292322e-08 1.768329540298794189e+00 2.501341830205020748e-04
7.950000000000000178e+00 8.365482348227093468e-07 4.922510336796843847e-10 5.105767901664796327e+00 4.805252518177009180e-08 1.738941963948189118e+00 1.327265833858792669e-04
8.000000000000000000e+00 4.979576751218406372e-07 4.921636079826645160e-10 5.174927621785307963e+00 4.872706699374132817e-08 1.720751546048232550e+00 6.422517506387714784e-05
8.050000000000000711e+00 1.137335199352662585e-07 4.935033621426538793e-10 5.253034273380965402e+00 4.963478091476260511e-08 1.710778845506509604e+00 2.750954270584129600e-05
8.099999999999999645e+00 -2.643515522593453682e-07 4.965292067763491851e-10 5.338106120864278381e+00 4.953955455484874252e-08 1.706592291719603249e+00 9.891497150163000595e-06
8.150000000000000355e+00 -5.897798237564089163e-07 5.007812075875713923e-10 5.428556282389154219e+00 4.842437738757394914e-08 1.706290459831655060e+00 2.667690584277361820e-06
8.200000000000001066e+00 -8.265107465932342024e-07 5.051962360779979581e-10 5.523157449525459839e+00 4.785303708456778961e-08 1.708449574769927537e+00 3.862522766965660198e-07
8.250000000000000000e+00 -9.522813572138133509e-07 5.085131986349464569e-10 5.620992339413902528e+00 4.901698252265706345e-08 1.712052773290148489e+00 6.259045724280970040e-09
8.300000000000000711e+00 -9.597517356130236266e-07 5.098452550639232866e-10 5.721399118086149649e+00 5.078550363161497820e-08 1.716413199289241298e+00 9.239704830781490196e-08
8.349999999999999645e+00 -8.558001981517904255e-07 5.091917074373165456e-10 5.823917839882685854e+00 5.071222957814353056e-08 1.721098927480181118e+00 1.426571319773530461e-07
8.400000000000000355e+00 -6.592989736098342490e-07 5.076021157195839537e-10 5.928241490355398824e+00 4.835175509551390983e-08 1.725864568017277945e+00 9.742297097483705884e-08
8.450000000000001066e+00 -3.978451686148520849e-07 5.068672389989192813e-10 6.034173588381072761e+00 4.662078615773924229e-08 1.730592276267804319e+00 3.240636006364594456e-08
8.500000000000000000e+00 -1.040208004732257052e-07 5.087701796870694755e-10 6.141593297878426227e+00 4.856364005189070248e-08 1.735243542076959411e+00 6.250057655547913500e-09
8.550000000000000711e+00 1.884453514067185864e-07 5.142140355864264999e-10 6.250428335432858695e+00 5.286101106152437001e-08 1.739822218950954458e+00 1.948548699756396154e-08
8.599999999999999645e+00 4.481399316913492470e-07 5.225658889894975301e-10 6.360635437687365723e+00 5.425930936820694824e-08 1.744348503290033214e+00 3.811788107207144876e-08
8.650000000000000355e+00 6.488466133269810143e-07 5.316901429860089507e-10 6.472187643030755666e+00 4.987934768821411837e-08 1.748842859620842294e+00 3.587691681132421263e-08
8.700000000000001066e+00 7.716500695920114339e-07 5.387235290212506223e-10 6.585067187824648727e+00 4.418240832996948246e-08 1.753318234542043497e+00 1.728146543943794384e-08
8.750000000000000000e+00 8.061776382850549538e-07 5.414560182578783888e-10 6.699262482989943202e+00 4.507972978136229787e-08 1.757778423035448956e+00 6.211058488137705368e-09
8.800000000000000711e+00 7.510674520927462794e-07 5.396748248834226923e-10 6.814767522266478750e+00 5.391296290777345049e-08 1.762220257726798467e+00 1.585140015874629856e-08
8.849999999999999645e+00 6.136564323078186334e-07 5.358220591934354079e-10 6.931582221983717318e+00 6.152261219489198091e-08 1.766637441323368085e+00 3.304702806851194268e-08
8.900000000000000355e+00 4.090966496117509621e-07 5.343416726196673849e-10 7.049712553251412217e+00 5.780894486654454348e-08 1.771024289384333539e+00 3.471158315054566329e-08
8.950000000000001066e+00 1.589929078671392659e-07 5.397636259083835094e-10 7.169169826610335861e+00 4.558283825359689976e-08 1.775378277847825981e+00 1.783562543706053172e-08
9.000000000000000000e+00 -1.103199049057312919e-07 5.541534152994359770e-10 7.289968990145699657e+00 4.064218989120286161e-08 1.779700945155640035e+00 6.164682121614904905e-09
9.050000000000000711e+00 -3.697404719615882129e-07 5.752054985090772920e-10 7.412126199588650266e+00 5.362102959695390775e-08 1.783997243150450274e+00 2.123825630215264023e-08
9.099999999999999645e+00 -5.896176138164843650e-07 5.962892347886420356e-10 7.535656160244059265e+00 7.337826833548222490e-08 1.788273790440606303e+00 5.058135611819006972e-08
9.150000000000000355e+00 -7.421611093183511088e-07 6.091708847197160423e-10 7.660569804305116470e+00 7.613697573666028340e-08 1.792536640798381598e+00 5.725342214173923636e-08
9.200000000000001066e+00 -8.041031674399512497e-07 6.087323809066759572e-10 7.786872803854890890e+00 5.628669805665364917e-08 1.796789181849049122e+00 2.877631999617163126e-08
9.250000000000000000e+00 -7.595712386565534047e-07 5.976497420314413082e-10 7.914565274224452551e+00 4.193729784921848975e-08 1.801030689588042577e+00 6.176946412840935052e-09
9.300000000000000711e+00 -6.030944218193834416e-07 5.879426568972250480e-10 8.043642841975671587e+00 6.592413557089230713e-08 1.805255930005236875e+00 4.182592948149410603e-08
9.349999999999999645e+00 -3.425738224205332472e-07 5.969457178166749213e-10 8.174099062380712155e+00 1.166240843569619976e-07 1.809456043493449018e+00 1.206175034809312774e-07
9.400000000000000355e+00 -1.815164518692569118e-09 6.375403694480379353e-10 8.305928958261134198e+00 1.351221267448312664e-07 1.813620753693709897e+00 1.508570493220109350e-07
9.450000000000001066e+00 3.778897515183121669e-07 7.064732632834532060e-10 8.439133210316963840e+00 8.857747837306634409e-08 1.817741685797883200e+00 7.740664003176875547e-08
9.500000000000000000e+00 7.379350693281772067e-07 7.782900761199751809e-10 8.573722248930955914e+00 4.705448650377827342e-08 1.821816249904127938e+00 6.227608609874228404e-09
9.550000000000000711e+00 1.005304348600244424e-06 8.135256700568153420e-10 8.709719204937449888e+00 1.387497347821574857e-07 1.825851171025158370e+00 1.404859930076676657e-07
9.600000000000001421e+00 1.099353672234792967e-06 7.853397608176807174e-10 8.847160443630100346e+00 3.685701853266906620e-07 1.829864410619932658e+00 4.966633978246106511e-07
9.650000000000000355e+00 9.438351347146323178e-07 7.171310079340778894e-10 8.986092310916777848e+00 5.037436873879819761e-07 1.833884039511791242e+00 7.161731563293436154e-07
9.700000000000001066e+00 4.855000828862809925e-07 7.070113859994371378e-10 9.126562868948024487e+00 3.031730926034250810e-07 1.837942709892831150e+00 4.128391318920602730e-07
9.750000000000000000e+00 -2.793019466262869344e-07 9.011424555513233532e-10 9.268607841802193548e+00 4.979660077368098990e-08 1.842066818572698939e+00 6.254817434756057371e-09
9.800000000000000711e+00 -1.268795976616665655e-06 1.382869767209132123e-09 9.412230732506049691e+00 7.516131747414754542e-07 1.846260260675438580e+00 1.055894199527020881e-06
9.850000000000001421e+00 -2.269731200210678423e-06 1.993007918016961211e-09 9.557378037049186759e+00 3.151241581328187108e-06 1.850483754960290161e+00 4.740311792907593007e-06
9.900000000000000355e+00 -2.880421139578315248e-06 2.220460863994119867e-09 9.703911509926214762e+00 5.701981018465498989e-06 1.854631897683497677e+00 8.701382795968649707e-06
9.950000000000001066e+00 -2.442779579586717986e-06 1.536775286199886409e-09 9.851580343207764656e+00 4.307566151798646811e-06 1.858511131606526368e+00 6.591760480338859700e-06
1.000000000000000000e+01 3.622824495952414736e-08 9.236935435801414955e-10 9.999996697961936576e+00 5.024660631530333610e-08 1.861822453971601288e+00 6.259306743534397508e-09
